655
481
251283
250934
250672
248268
248003
247532
247116
247036
246861
246695
246620
246563
246523
246302
246243
245927
245827
245173
244690
242873
242868
242785
242600
242455
242138
242041
241839
241658
241257
240661
240560
240329
238827
238674
237692
235089
234835
234516
231121
230797
230132
230035
229992
229642
228857
228802
225748
225682
225004
224749
224711
224638
224622
224225
223980
223897
223896
223847
223652
223536
223501
222692
219561
219510
219259
219245
219137
219100
218687
218457
218273
217939
217662
217644
217518
216253
213183
213084
212672
212549
212325
212024
211885
211115
211113
209906
209475
209257
209199
209151
208534
208511
208133
207754
207564
207553
207413
207400
207029
206203
205884
205694
205231
204553
204376
204242
204229
204170
202920
202894
202726
201965
201740
199489
199252
198830
198676
147557
147552
147545
138694
131852
124976
121225
116586
107496
107490
392880
392559
391386
391297
391189
391004
391000
390996
390982
390975
390972
390958
390956
390954
390952
390951
390950
390943
390927
390922
390914
390911
390908
390905
390894
390889
390879
390867
390854
390853
390848
390836
390833
390826
390824
389385
388041
387432
386079
385557
385288
385280
384959
384526
384132
384130
384090
383681
383642
383201
383146
383033
382818
382483
382209
382129
381935
381875
381664
381409
381222
381109
380989
380696
380333
380284
380242
379676
379631
379517
379421
379417
379389
379376
379374
379277
379215
379132
378986
378788
378565
378536
378468
378288
378248
378175
378128
377929
377928
377835
377640
377499
377397
377184
376932
376844
376786
376557
376519
376369
376276
376255
376103
375947
375751
375665
375634
375293
375211
375135
375066
374781
374702
374426
374057
373691
373633
373391
373306
373042
372570
372530
372380
372338
371884
371839
371812
371733
371638
371517
371419
371320
371280
371222
371106
371093
371033
370909
370865
370797
370703
370684
370673
370355
370260
370212
370097
370095
369982
369806
369713
369567
369054
369009
368961
368706
368616
368601
368465
368399
368000
367949
367935
367893
367739
367694
367481
367327
367310
367287
367254
367056
366970
366944
366813
366609
366608
366473
366387
366266
366139
365953
365497
365494
364861
364812
364680
364659
364646
364643
364601
364568
364511
364502
364145
364007
363827
363359
363330
363145
363044
362941
362308
362181
362165
362050
361875
361802
361787
361680
361204
361202
361119
360811
360803
360507
360504
360437
360075
360072
360063
359788
359741
359344
359211
359098
358961
358886
358479
358400
358220
358020
357999
357895
357579
357139
356662
356486
356223
355877
355409
354831
354765
354535
354220
354041
353859
353737
353571
353351
353210
353202
353186
353134
352761
352722
352582
352555
351784
351530
350813
350740
350613
350198
349891
349611
349587
349401
348967
348890
348824
348744
348691
348120
347877
347555
347440
347081
345917
345629
345490
345406
344966
344885
344773
344115
344080
343956
343744
343719
343630
343504
343474
343462
343379
342497
342268
341817
341641
341619
341188
340529
339791
339741
339098
339026
338895
338621
338613
337970
337856
337404
337389
337117
336841
336341
336051
327406
305249
292819
288430
288294
288033
287876
287579
286523
286215
286154
284960
284575
283451
281144
279135
278191
274567
270635
261876
261750
261741
261551
261268
259821
258370
257490
257361
256956
256324
256143
255796
255764
255290
253537
252633
252577
252432
252267
252264
252136
252014
251841
251761
251539
509012
506140
504484
504203
502849
502433
502414
501576
500570
498567
498529
498515
498421
498361
498344
498341
498241
498193
498150
498042
497974
497735
497530
497014
496943
496932
496901
496643
496512
496374
496348
496259
496231
495844
495696
495690
495578
495433
495368
495236
495227
495187
495063
494855
494743
494439
494407
494360
494269
494263
494250
494146
494125
494084
493957
493773
493591
493565
493383
493049
492897
492794
492774
492760
492694
492650
492539
492409
492399
492285
492214
492062
492061
491704
491699
491645
491469
491465
491273
491245
490630
490250
490123
489770
489688
489641
489528
489475
489205
489036
488889
488538
488168
486836
485155
482316
480893
480850
480818
480813
480784
480778
480776
480775
480774
480769
480768
476987
475224
474991
474949
474742
474710
474298
474228
473836
473748
473379
473196
473162
473124
473090
472850
472817
472695
472621
472417
472183
472082
472000
471707
471682
465618
456685
452930
452749
452435
447729
445062
440341
439980
438953
438249
438097
438030
437789
437676
437381
437376
437239
437187
437169
433283
432829
432757
429029
429018
429017
429016
429014
428979
428978
428977
428976
428974
428952
425932
425111
423782
418818
417417
417354
417335
417333
417302
417282
417251
417212
417179
417156
417149
417147
417101
416990
416932
416929
416906
416861
416815
416595
416594
416557
416542
416523
416491
416443
416399
416354
416330
416291
416194
416168
416164
416149
415989
415904
415892
415790
415777
415742
415684
415682
415541
415473
415393
415358
415350
415335
415316
415020
414983
414914
414890
414728
414720
414689
414648
414646
414644
414635
414603
414530
414455
414382
414305
414273
414259
414162
414146
414085
414037
414016
413946
413913
413898
413870
413804
413750
413637
413221
413190
413189
413112
413031
413011
412995
412960
412941
412762
412640
412454
412435
412204
412018
411998
411979
411958
411948
411793
411652
411607
411475
411384
411278
411277
411194
411188
411156
411104
411056
410853
410852
410782
410757
410741
410667
410662
410644
410556
410501
410476
410425
410419
410377
410316
410261
410241
410187
410174
410170
410157
410139
410076
410036
409974
409935
409926
409736
409686
409566
409441
409375
409298
409287
409249
409240
409170
409154
409150
409140
409126
409061
409025
409009
408986
408928
408724
408693
408664
408649
408611
408576
408426
408335
407957
407781
407354
407191
406957
406911
406784
406399
406283
406205
405909
405875
405795
405721
405660
405614
405601
405599
405324
405200
405155
405072
404945
404857
404820
404741
404271
403920
403781
403755
403466
403315
403105
403079
402905
402808
402494
402122
401976
401974
401951
401896
401886
401783
401760
401757
401725
401063
400822
400755
400696
400690
400614
400593
400381
400178
400168
400130
400000
399772
399755
399741
399720
399034
398466
397905
397839
397340
397265
397173
397152
397020
396978
396603
396502
396466
396344
396318
396296
396267
396240
396229
396115
396046
395958
395951
395876
395745
395693
395654
395623
395463
395408
395401
395372
395306
395117
395007
394976
394955
394924
394735
394534
394514
394399
394341
394061
394040
393848
393832
393775
393721
393699
393698
393692
393653
393652
393635
393631
393613
393595
393593
393564
393489
393404
577226
574968
574959
574958
574954
574950
574947
574946
574926
574924
574923
574922
574920
574919
574915
574912
574911
574907
574906
574903
574163
573983
557423
552971
545570
540234
526009
516448
679445
679377
679375
679369
679367
678516
678438
644668
644665
644657
644621
644610
644596
644592
644131
642427
642426
642420
642401
642399
642397
642395
642394
642393
642392
642386
642385
642384
642382
642380
642379
642375
642374
642370
642368
642365
642359
642352
642351
642348
640125
640118
640113
640105
639825
639824
637060
610446
591884
578722
826993
795813
795637
788039
783658
783471
783469
783285
783284
779279
773353
772615
748325
748321
748295
747062
747061
737430
728362
728361
728352
726736
723838
689676
689673
